3434.0123697953222
3434.0123697953222
3434.0123697953245
3434.012369793659
3434.012369547847
3434.0123628580627
3434.012294767533
3434.011922344519
3434.0105753833036
3434.0069191903663
3433.9988428899255
3433.9835230638664
3433.957630457061
3433.9176093762517
3433.8599624006088
3433.781494919499
3433.679497608902
3433.5518626631915
3433.3971401802264
3433.2145459914636
3433.0039334037883
3432.7657404195697
3432.500922156922
3432.210876089254
3431.897365732548
3431.562446699762
3431.208397665156
3430.837657726013
3430.452770874008
3430.0563377427225
3429.650974432088
3429.049439273582
3428.2761931031077
3427.4941300380256
3426.70711055503
3425.9188532379594
3425.13291757375
3424.352691520283
3423.58138309686
3422.8220153384314
3422.077424036252
3421.3502577657005
3420.642979770389
3419.957871334748
3419.2970363314475
3418.662406677635
3418.0557484764213
3417.4786686555713
3416.9326219463787
3416.4189180728763
3415.9387290438644
3415.4930964600208
3415.0829387649546
3414.709058382872
3414.3721486977433
3414.072800838828
3413.0695388623917
3411.4723742678425
3409.935036929043
3408.458744824214
3407.044560575824
3405.6934005925386
3404.4060438620213
3403.183140389433
3402.025219279421
3400.932696463039
3399.905882072405
3398.9449874688617
3398.0501319313457
3397.2213490130225
3396.458592575465
3395.7617425100148
3395.130610156958
3394.5649434330035
3394.0644316783614
3393.6287102344136
3393.2573647631107
3392.949935319371
3392.7059201872776
3392.5247794910115
3392.4059385910946
3392.348791276204
3392.352702760616
3392.417012497132
3392.54103681452
3392.724071389254
3392.9653935593296
3393.2642644893604
3393.6199311945925
3394.0316284315595
3394.5315459961334
3395.1735659027313
3395.9346057990588
3396.72843186509
3397.550901465975
3398.4015397270146
3399.279880435691
3400.185465703994
3401.1178456637062
3402.0765781908
3403.0612286553855
3404.071369694269
3405.1065810033433
3406.166449147537
3407.2505673861656
3408.35853551189
3409.489959701679
3410.644452378321
3411.821632081232
3413.021123345506
3414.1609082597492
3414.9821828644654
3415.3252564073528
3415.68070386844
3416.0551366318095
3416.448270869084
3416.8598254728463
3417.28952214285
3417.737085462412
3418.2022429656354
3418.684725196189
3419.1842657582038
3419.700601359709
3420.2334718493403
3420.7826202466663
3421.3477927665654
3425.126734859734
3429.2830009054182
3433.391972168427
3437.454230087026
3441.4703527291863
3445.4409145804325
3449.366486351116
3453.2476347976194
3457.084922557207
3460.8789080026704
3464.630145097839
3468.33918327734
3472.0065673318595
3475.6328373053643
3476.5004150946843
3476.801181383159
3477.118465415932
3477.452061819572
3477.8017671531525
3478.1673799249565
3478.5487006066887
3478.9455316453905
3479.3576774731423
