4125.959237181179
4125.959237181179
4125.959237181181
4125.959237181694
4125.959237257954
4125.959239333359
4125.959260457701
4125.9593760015805
4125.959793963374
4125.960929013996
4125.963439040871
4125.968210772562
4125.97630696293
4125.988898551941
4126.0072022685035
4126.032435141878
4126.0657893345015
4126.108419507094
4126.161452811111
4126.225986297124
4126.303106243715
4126.39388848238
4126.499416494946
4126.620730204451
4126.758925882077
4126.9150485420905
4127.090136498464
4127.28520159629
4127.501220572916
4127.739132483964
4127.999822694068
4128.284121665872
4128.592798162326
4128.022031975129
4127.356855170722
4126.687687330614
4126.017248560508
4125.348128658074
4124.682781356534
4124.023521642847
4123.372527915211
4122.731846991258
4122.103357165264
4121.4888091884
4120.889873331464
4120.308051604083
4119.744740010896
4119.2012596218465
4118.6785517984845
4118.178055361846
4117.700400843112
4117.246398194535
4115.806277057527
4114.148656397947
4112.540566162366
4110.982264522194
4109.4770079490845
4108.0260000770595
4106.630761143831
4105.292498389079
4104.40509023065
4103.714012292902
4103.137463010969
4102.667346173748
4102.296315147505
4102.017687374169
4101.825370610813
4101.713798388587
4101.677873834498
4101.712920373258
4101.814638684951
4101.979068518811
4102.202555176456
4102.481720129723
4102.813571668071
4103.195137380444
4103.623667123342
4104.096650071913
4104.611746037051
4105.166770634124
4105.759682103581
4106.388569395138
4107.051641502457
4107.747217852275
4108.473719549409
4109.2296614716415
4110.01364526704
4110.824352768794
4111.660540111941
4112.521032426093
4113.404718905671
4114.31054835105
4115.237525106015
4116.184705285216
4117.151193372631
4118.136139040325
4119.138734266187
4120.158210672315
4121.193837037336
4122.244917033469
4123.31078713059
4124.390814640004
4125.48439591223
4126.589668418489
4127.707020356551
4128.836152479325
4129.976559086805
4131.127756360566
4132.289281207791
4133.460690171419
4134.641558400166
4135.831478719276
4137.0300607117315
4138.23692989405
4139.451726935442
4140.674106909926
4141.903738611473
4143.140303890941
4144.383497058852
4145.633024292352
4146.888603096602
4148.149961788261
4149.416839007631
4150.688983261358
4151.96615249111
4153.248113653163
4154.53464233709
4155.825522393168
4157.120545584896
4158.419511250691
4159.722225997099
4161.02850339291
4162.456921933237
4163.9926910676295
4165.5381155922005
4167.093017615985
4168.657222365808
4170.230558132871
4171.8128562178135
4173.403950874497
4175.003679259029
4176.611881372162
4178.228400010585
4179.853080712776
4181.485771705176
4183.12632385329
4184.774590610189
4186.430427966052
4188.093694399307
