3336.7671493957464
3336.7671493957464
3336.767149395747
3336.767149394058
3336.7671491448386
3336.767142362351
3336.767026137276
3336.766414345114
3336.764859652404
3336.7581929589414
3336.7449212135066
3336.7197440499435
3336.6771845200487
3336.611385635329
3336.516572729432
3336.3874491837682
3336.21949038071
3336.0091300996037
3335.7538507585678
3335.45219647535
3335.1037297427547
3334.7089493507556
3334.2691883725556
3333.7864984747516
3333.263535045236
3332.7034449992807
3332.1097626770265
3331.486315306254
3330.83713903955
3330.1664056268005
3329.4783593326583
3328.777263353903
3328.0673549033063
3327.352808020158
3326.6377031991747
3325.9260029777433
3325.221532669121
3324.5279655059003
3323.8488116238727
3323.1874101735525
3322.54692420985
3321.930337841395
3321.3404552907487
3320.7799015336973
3320.2511242501814
3319.756396840121
3319.2978223001296
3318.8773377914686
3318.4967197404417
3318.1575893533227
3317.861418429524
3317.6095353887467
3317.403131424412
3317.24326672713
3317.130876717679
3317.066778245081
3317.0516757116125
3317.0861670937707
3317.1707498330256
3317.3058265768486
3317.491710753356
3317.728631967817
3318.016741211467
3318.3561158767056
3318.7467645744737
3319.1886317518115
3319.1691402541396
3319.1258305062424
3319.104336149184
3319.1046485851216
3319.126737362497
3319.1705517598493
3319.2360222865987
3319.323062103674
3319.431568366685
3319.5614234948093
3319.7124963680553
3319.884643456067
3320.0777098813837
3320.2915304200114
3320.52593044222
3320.780726796368
3321.0557286385556
3321.350738210676
3321.6655515695566
3321.999959269675
3322.3537470018177
3322.726696190114
3323.1185845495856
3323.5291866064495
3323.958274183154
3324.4056168502025
3324.870982346567
3325.354136970534
3325.854845942684
3326.372873742614
3326.907984420946
3327.459941888176
3328.028510181556
3328.6134537115668
3329.214537489072
3329.8315273343874
3330.4641900693973
3331.112293693742
3331.775607546131
3332.4539024516516
3333.1469508560253
3333.8545269476504
3334.5764067681625
3335.3123683123467
3336.062191618026
3336.8256588466465
3337.602554355141
3338.3926647596977
3339.195778991945
3340.0116883480987
3340.8401865315504
3341.681069689358
3342.534136443059
3343.3991879142227
3344.276027745118
3345.1644621148366
3346.0642997512414
3346.9753519390024
3347.897432524069
3348.830357914801
3351.9067765819477
3355.2349622489764
3358.531709765803
3361.797392447028
3365.0323817804224
3368.2370472749376
3371.411756320042
3374.556874055639
3377.672763252025
3380.759784198189
3383.8182946057536
3386.8486495045127
3389.851201168327
3392.8262990316803
3395.3655064827494
3396.127273385952
3396.899928812432
3397.6833287324725
3398.4773306117654
3399.281793415521
3400.0965776111448
3400.921545169738
3401.756559566222
