3877.170655080003
3877.170655080003
3877.170655080005
3877.1706550818067
3877.1706553477898
3877.170662586433
3877.170736263648
3877.1711392476827
3877.172596810184
3877.1765537680617
3877.1852972835704
3877.201893513191
3877.2299755673307
3877.273460583061
3877.336268432296
3877.4220887388974
3877.5342156317615
3877.6754550872724
3877.8480678256146
3878.0538096841
3878.2939282466346
3878.5692497943696
3878.8801818654792
3879.226867758427
3879.609158649745
3880.026710419616
3880.479023865114
3880.9654850575307
3881.3379169822315
3881.4364056415875
3881.54709855456
3881.6707730407734
3881.808180488026
3881.9600416515495
3882.1270431209664
3882.309834455271
3882.509030812793
3882.7251884028856
3882.958847379199
3883.210494387152
3883.4805666356615
3883.7694758812054
3884.0775816891714
3884.4052103894824
3884.7526467763687
3888.146411776232
3885.507905849409
3885.916122846621
3886.344935183081
3886.7944736452096
3887.264804554579
3887.756007785267
3888.2681121525325
3888.801128535246
3889.3550746234355
3889.9298287104593
3890.5254264995133
3891.1417671169665
3891.7787621134394
3892.4363071539146
3893.11428339743
3893.81255846447
3894.530987624981
3895.2694148512264
3896.027673910112
3896.805588866773
3897.602975764748
3898.4196427052093
3899.25539106752
3900.1100160833157
3900.983307606072
3901.875050736562
3902.7850264778026
3903.713012246558
3904.6587824945136
3905.0863719882414
3905.347264206622
3905.6378536037187
3905.95781208986
3906.306800523111
3906.6844701506448
3907.090463928539
3907.524417742053
3907.9859615603896
3908.4747204656887
3908.990315644675
3909.5323652597563
3910.100485289168
3910.6942902638957
3911.3133939740856
3911.9574100896452
3912.625952743075
3913.31863705176
3914.0350795972786
3914.7748988614157
3915.537715611296
3916.3231532561686
3917.1308381632707
3917.960399941506
3918.8114716932937
3919.6836902386062
3920.5766963139345
3921.4901347420755
3922.423654586894
3923.3769092785756
3924.3495567255964
3925.4730447431934
3926.6232933569877
3927.7905220247026
3928.974424003043
3930.174697189404
3931.391044136037
3932.6231720504234
3933.8707927963405
3935.1336228753
3936.4113834153013
3937.7038001404017
3939.32679358943
3941.0872998249415
3942.8566656458206
3944.6347184132364
3946.4212883373225
3948.2162084242077
3950.019314423893
3951.8304447788746
3953.6494405736553
3955.4761454851086
3957.310405733706
3959.1520700355927
3961.000989555584
3962.8570178610366
3964.720010876548
3966.5898268396277
3968.4663262571376
3970.3493718627074
3972.238828574928
3974.1345634564477
3976.0364456739126
3977.94434645871
3979.858139068589
3981.7776987500333
3983.702902701501
3985.6336300373746
3987.5697617527917
3989.5111806891296
3991.457771500308
3993.4094206197733
3995.3660162282586
3997.3274482222496
