4102.91163842636
4102.91163842636
4102.911638426367
4102.911638426882
4102.911638503139
4102.911640578542
4102.911661702919
4102.911777246737
4102.912195207816
4102.9133302523405
4102.915840244011
4102.920611826046
4102.928707516519
4102.9412977301035
4102.959598131443
4102.984823995718
4103.018164707639
4103.0607729446565
4103.113764230358
4103.1782372103335
4103.255264317131
4103.34595850372
4103.451249466163
4103.5723289969665
4103.710205995751
4103.865922972678
4104.0405047363865
4104.234950524675
4104.450225849154
4104.687250667632
4104.94690463601
4105.23000406999
4105.5373199326805
4105.869506531
4105.346623104777
4104.669226952348
4103.990237264363
4102.450402213417
4100.102843353161
4097.4409708228
4094.7809220415566
4092.129542636019
4089.493285457448
4086.878214906269
4084.290013775962
4081.733992054381
4095.2882823269642
4076.73792566822
4074.306734912641
4071.925456383597
4069.5977085432937
4067.326810194695
4065.115793837016
4063.8753058184543
4063.129395614767
4062.536698287069
4062.0472872850332
4061.6532408883627
4061.3474795304883
4061.1236545431198
4060.9760560309514
4060.996782523304
4061.2012339180137
4061.4685476460722
4061.7948124765226
4062.176458760578
4062.610220335333
4063.0931013778395
4063.6223474983967
4064.1954204682515
4064.8101011256317
4065.464131400203
4066.1554921101833
4066.8823144289627
4067.642858218216
4068.4355000693326
4069.2587227872204
4070.1111059862496
4070.9913177116737
4071.898106931205
4072.8302968586045
4073.78677889955
4074.7665072561385
4075.7684940442587
4076.7918049008877
4077.8355549990542
4078.8989054487606
4079.9810600262404
4081.0812622044086
4082.1987924458463
4083.3329657354407
4084.4831293257625
4085.6486606725525
4086.828965545745
4088.023476289422
4089.231650226061
4090.453042600825
4091.6871605135143
4092.9334534942695
4094.1914634856753
4095.460750909445
4096.74089366724
4098.0314862125015
4099.332138686877
4100.642476116836
4101.962137663008
4103.290775918731
4104.6017253331165
4105.903111165139
4107.211253850684
4108.525861116779
4109.846651648757
4111.173354597666
4112.505709114173
4113.8434639084135
4115.186376849623
4116.534214564021
4117.886752071731
4119.243772435639
4120.6050664172035
4121.97043219194
4123.339675019297
4124.7126069698
4126.0890466619
4127.4688189962335
4128.8517549100325
4130.23769115165
4131.626470053649
4133.01793931834
4134.411951821869
4135.808365414891
4137.207042738669
4138.664551318841
4140.177315228126
4141.699644077803
4143.231361611235
4144.772294677226
4146.322273176531
4147.881130004739
4149.448701001022
4151.024824892525
4152.60934324009
4154.202100385683
4155.802943399847
4157.411722029619
4159.028288647043
4160.652498198649
4162.284208154302
4163.923278460099
