3831.0754575703763
3831.0754575703763
3831.0754575703754
3831.075457573059
3831.075457802251
3831.0754669961607
3831.075548859622
3831.0759417379645
3831.077399306377
3831.0813562450526
3831.0901008073993
3831.1066973846423
3831.1347767048755
3831.1782590121907
3831.2410603982726
3831.3268669431495
3831.4389676796786
3831.580156957327
3831.752695857239
3831.9583167514916
3832.198257409777
3832.473314360577
3832.783902316628
3833.130117078614
3833.5117953366507
3833.9285697140476
3833.743309876403
3833.328338647459
3832.9003163025436
3832.462717590636
3832.019056670842
3831.5728451770956
3831.1275573362614
3830.686601394361
3830.2532965944156
3829.8308549747467
3829.4223673072274
3829.030792556853
3828.6589503117493
3828.3095156999416
3827.9850163731057
3827.687831197023
3827.420190341057
3827.1841765062777
3826.9817270726853
3826.814636981092
3826.6845621955417
3826.5930236172762
3826.541411343293
3826.530989180127
3826.5628993388395
3826.638167249735
3826.7577064459783
3827.387481361038
3828.3773258892993
3829.4542118715804
3830.5468470225906
3831.654846294425
3832.777830109347
3833.9154242819286
3835.067259974802
3836.2329736816255
3837.4122072316272
3838.604607810597
3839.8098279940423
3841.0275257886274
3842.2573646786636
3843.499013674891
3844.74911634909
3845.9917510199243
3847.2444345052354
3848.506832463833
3849.7789211077907
3851.06015689781
3852.3502208801283
3853.6488124317307
3854.9556375776074
3856.27040896234
3856.8406195760786
3857.4048504226994
3857.98620137494
3858.5844192303935
3859.199246941255
3859.8304242834547
3860.4776884780977
3861.140774767685
3861.8194169495673
3862.513347869067
3863.1414758695537
3863.1664567216058
3863.2330799811343
3863.3409990676046
3863.489854518876
3863.679275026365
3863.9088784190476
3864.17827259834
3864.487056425911
3864.8348205664624
3865.2211482873267
3865.645616216802
3866.1077950629533
3866.6072502945503
3867.1435427858164
3867.7162294265863
3868.3248636993308
3868.9689962244906
3869.6481752756445
3870.3619472656806
3871.1098572054225
3871.8914491358682
3872.7062665352123
3873.5538527019785
3874.433751115085
3875.34550577216
3876.2886615070533
3877.262764287284
3878.267361492981
3879.3020021773264
3880.3662373103152
3881.459620005796
3882.5817057332633
3883.7320525148575
3884.9102211081968
3886.1157751759893
3887.348281442969
3888.6073098408083
3889.8924336416026
3891.203229580539
3892.5392779683266
3893.900162793871
3895.2854718177286
3897.105308010575
3899.103458575496
3901.1183858965705
3903.1497343010296
3905.1971530875508
3907.2602965141623
3909.338823782442
3911.4323990180915
3913.4834005766706
3915.5120672067
3917.537966686289
3919.5610941864584
3921.581445462692
3923.5990168374506
3925.6138051833327
3927.625807906706
3929.635022931936
3931.6414486860635
