3835.6849773213353
3835.6849773213353
3835.684977321336
3835.6849773231397
3835.68497758912
3835.684984827763
3835.685058505021
3835.685461488932
3835.6869190502125
3835.690875997346
3835.6996194505223
3835.716215416761
3835.744296591124
3835.787779169174
3835.8505812016037
3835.936389163682
3836.0484926141967
3836.1896890473276
3836.362232939217
3841.3933310772436
3836.8078244496105
3837.082912326726
3837.3935306338562
3837.7397921431248
3838.1215317962997
3838.538383751027
3838.989827435102
3839.4752276044446
3839.993868095602
3840.5449818945176
3841.1277693748907
3841.741427273738
3841.4909902967015
3841.060958102252
3840.638969280494
3840.2282165613
3839.831772198762
3839.4525774883546
3839.0934352285462
3838.757004648651
3838.4457983875586
3838.1621811666255
3837.908369852512
3837.6864346520274
3845.549368230997
3837.345753505625
3837.230437161427
3837.153863424666
3837.1174133275563
3837.1223421698623
3837.1697841730693
3837.260757255995
3837.3961678810233
3837.961192713008
3838.698402994957
3839.4695133323276
3840.272429647461
3841.1052522083014
3841.9662506566046
3842.8538428625416
3843.802863307248
3844.783177633697
3845.786250059797
3846.810921390586
3847.856113793467
3848.9208218614936
3850.004105370096
3851.1050828491184
3852.223101683109
3853.3572522730346
3854.506801032048
3855.6710573991163
3856.8493676901335
3858.041112104387
3859.2457020478346
3860.462577743018
3861.661719545532
3862.123571408124
3862.606031827028
3863.1086708162316
3863.6310669658014
3864.1728070068393
3864.733485432368
3865.312704170236
3865.9100723287497
3866.5252059561167
3867.1577278488694
3867.8072673883325
3868.4734603909405
3869.155948985916
3869.8543815069447
3870.5684123902697
3871.297702090652
3872.041916999608
3872.7801971929143
3873.066846140432
3873.392891022737
3873.7579208111197
3874.161517123778
3874.603254982897
3875.0827035323887
3875.599426717651
3876.1529839293225
3876.7429306124436
3877.3688188424644
3878.0301978697917
3878.7266146339766
3879.457614249075
3880.222740461453
3881.0215360812485
3881.853543388667
3882.718304516319
3883.6153618086287
3884.544258159475
3885.504537328946
3886.4957442402956
3887.5174252580914
3888.569128448178
3889.6504038207077
3890.760803556747
3891.899882219437
3893.0671969503387
3894.26230765188
3895.4847771563445
3896.73417138235
3898.010059479194
3899.3120139598263
3900.6396108231284
3901.9924296657564
3903.370053784404
3904.7720702687816
3906.60760608648
3908.6096480832693
3910.6081224345858
3912.604926206351
3914.6000171061155
3916.593354890431
3918.584901278642
3920.5746198711126
3922.5624760716014
3924.5484370135323
3926.5324714898825
3928.5145498865427
3930.494644118861
3932.472727571223
3934.448775039484
3936.4227626760703
3938.394667937624
3940.364469534996
