3336.767149395747
3336.767149395747
3336.7671493957473
3336.767149394058
3336.7671491448386
3336.767142362351
3336.767073328222
3336.7666957425154
3336.765330085919
3336.761622962981
3336.7534332116966
3336.737894586491
3336.711621454845
3336.670985624224
3336.612396148578
3336.5325369283346
3336.42854133107
3336.2981010840804
3336.139517130554
3335.951704616354
3335.7341648461193
3335.4869356980166
3335.210529815711
3334.905867605122
3334.574210004932
3334.217094310965
3333.836275034698
3333.4336708239307
3333.0113178112256
3332.571329315702
3332.1158615516683
3331.6470848447734
3331.1671597860905
3330.6782177390605
3330.18234513289
3329.6815710150026
3329.177857383614
3328.6730918747808
3328.1690824296816
3327.667553617877
3327.1701443370466
3326.678406650161
3326.193805556768
3325.7177195258155
3325.251441644468
3324.7961812597887
3324.3530660101433
3323.923144159461
3323.5073871615577
3323.1066923938124
3322.7218860091166
3322.3537258640354
3322.002904487825
3321.670052063308
3321.3557393955225
3321.0604808487165
3320.784737235535
3320.5289186456444
3320.293387203683
3320.0784597484712
3319.88441042752
3319.711473202333
3319.559844261488
3319.4296843395564
3319.321120940799
3319.234250467606
3319.169140254142
3319.125830506243
3319.1043361491847
3319.104648585119
3319.1267373624964
3319.17055175985
3319.2360222866005
3319.323062103666
3319.4315683666837
3319.56142349481
3319.712496368053
3319.884643456066
3320.0777098813846
3320.291530420012
3320.5259304422193
3320.7807267963685
3321.0557286385565
3321.350738210675
3321.665551569557
3321.999959269675
3322.3537470018164
3322.726696190114
3323.1185845495856
3323.529186606449
3323.958274183154
3324.4056168502025
3324.8709823465656
3325.3541369705335
3325.8548459426806
3326.3728737426077
3326.9079844209464
3327.459941888176
3328.0285101815552
3328.613453711568
3329.2145374890715
3329.831527334388
3330.4641900693973
3331.1122936937436
3331.775607546131
3332.4539024516503
3333.146950856024
3333.854526947649
3334.5764067681607
3335.3123683123467
3336.0621916180253
3336.8256588466484
3337.6025543551405
3338.3926647596973
3339.1957789919506
3340.011688348101
3340.840186531553
3341.6810696893585
3342.534136443066
3343.399187914223
3344.2760277451175
3345.164462114845
3346.06429975124
3346.975351939001
3347.897432524066
3348.8303579147982
3351.906776585972
3355.2349622530037
3358.531709769825
3361.7973924510534
3365.032381784448
3368.2370472789644
3371.411756324074
3374.556874059669
3377.672763252039
3380.7597841993243
3383.818294605768
3386.8486495045117
3389.8512011671996
3392.826299031694
3395.3655064827476
3396.1272733859532
3396.899928812431
3397.6833287324725
3398.477330611764
3399.281793415522
3400.096577611145
3400.921545169737
3401.756559566222
